_C_114f1_5cb98602_1b 8c 0 138 0 0 2025680a 0 7461203d 0 20206461 0 31366820 0 203d2025 0 61646472 0 25732020 0 20697320 0 74797065 0 92061 
_C_114f1_5cb98602_9 cc 0 90 1 0 322e6367 0 6424245f 0 6e616d65 0 762e756e 0 656e 
_C_114f1_5cb98602_16 c4 0 20 0 0 0 
_C_114f1_5cb98602_8 8c 0 68 0 0 3566200a 0 2025332e 0 6f76203d 0 63 
_C_114f1_5cb98602_3 8c 0 60 0 0 73202564 0 74612069 0 9206461 
_C_114f1_5cb98602_1a 8c 0 c0 0 0 65642e0a 0 6661696c 0 696f6e20 0 697a6174 0 6e646f6d 0 9205261 
_C_114f1_5cb98602_1c 8c 0 d0 0 0 73202573 0 6e672069 0 73747269 0 67657420 0 626f7820 0 6d61696c 0 920 
_C_114f1_5cb98602_7 8c 0 178 0 0 733d2562 0 62206275 0 6f653d25 0 62206474 0 6f643d25 0 62206574 0 63743d25 0 73656c65 0 256d3a20 0 20696e20 0 2530642c 0 617420 
_C_114f1_5cb98602_17 9c 0 20 70a3d70a 4040aa3d 
_C_114f1_5cb98602_6 94 0 20 0 0 ffffffff 
_C_114f1_5cb98602_14 84 0 4 0 0 1 
_C_114f1_5cb98602_10 84 0 2 0 0 2 
_C_114f1_5cb98602_13 84 0 2 0 0 3 
_C_114f1_5cb98602_12 84 0 4 0 2 7 
_C_114f1_5cb98602_11 84 0 4 0 0 5 
_C_114f1_5cb98602_f 84 0 4 0 0 6 
_C_114f1_5cb98602_b 84 0 2 0 0 0 
_C_114f1_5cb98602_e 84 0 2 0 0 1 
_C_114f1_5cb98602_1d 8c 0 28 0 0 656c6c6f 0 68 
_C_114f1_5cb98602_c 84 0 4 0 0 9 
_C_114f1_5cb98602_d 84 0 4 0 f 0 
_C_114f1_5cb98602_2 8c 0 88 0 0 30782568 0 20697320 0 72657373 0 20616464 0 9 
_C_114f1_5cb98602_1 8c 0 130 0 0 2d2d2d2d 0 2d2d2d2d 0 2d2d2d2d 0 2d2d2d2d 0 2d2d2d2d 0 2d2d2d2d 0 2d2d2d2d 0 2d2d2d2d 0 2d2d2d2d 0 2d2d 
_C_114f1_5cb98602_15 cc 0 30 1 0 655f6370 0 6474 
_C_114f1_5cb98602_18 84 0 20 0 0 0 
_C_114f1_5cb98602_5 94 0 20 0 0 0 
_C_114f1_5cb98602_4 94 0 20 0 0 1 
_C_114f1_5cb98602_a cc 0 20 1 0 636f76 
_C_114f1_5cb98602_19 8c 0 d0 0 0 2025680a 0 7461203d 0 20206461 0 31366820 0 203d2025 0 61646472 0 920 
